# Saturation Sensitivity Merged GMM Parameters
# Format: n_components, max_density, weights, means_rad, covariances
n_components=8
max_density=0.07534736971387657
weights=0.09713084460652444 0.13469278555404457 0.11840812260482737 0.15963278354762753 0.10077282661607244 0.11777568851486545 0.1383221373713138 0.13326481118472433
means_rad=-5.285019295372608 4.792507000146831 9.466159616976313 -0.2703355023738313 2.547069848776874 6.653667991606758 -2.557805947285038 11.548152618239827
covariances=0.5178775260907864 0.7145420425231056 0.8161423066434219 0.8050698152140437 0.9140826758138425 0.7268374648059139 0.9344493296667904 0.415766649358444
