# Saturation Sensitivity GMM Parameters
# Format: n_components, weights, means_rad, covariances
n_components=6
weights=0.10733344188751386 0.22615808286178896 0.17380262076268432 0.18810333806765253 0.13294878549434466 0.17165373092601557
means_rad=-5.208294902911798 10.92689154232075 -0.023536056355512633 6.528794561665302 -2.288923902498594 3.904322863473322
covariances=0.7693701611879122 1.29324706139897 0.8953465813299485 1.6226959807655437 0.8279117658689942 1.6761643174998118
