# GMM Parameters for Hue Keyness Function
# Format: n_components, weights, means, covariances
n_components=8
weights=0.11132847633888115 0.1353058245303447 0.10849456258735181 0.11214354408753964 0.2283047403758978 0.09697763035399001 0.12251556513617047 0.0849296565898244
means_rad=6.961955035509542 -2.891089226742992 11.31023104279017 0.5759581493195342 4.047528249994905 -5.5530123117285335 9.694344934937277 -1.3461413228768002
covariances=0.38831632934428517 0.43726527803531134 0.33392142947897757 0.32444861756962035 1.0751056627094515 0.19457601113185435 0.3545779363419841 0.15187699675896776
