# 2D Keyness Function Parameters
# Format: norm_factor, hue_gmm_params, sat_gmm_params

norm_factor = 0.00556946

# Hue Keyness GMM
hue_n_components = 8
hue_weights = 0.11132848 0.13530582 0.10849456 0.11214354 0.22830474 0.09697763 0.12251557 0.08492966
hue_means_rad = 6.96195504 -2.89108923 11.31023104 0.57595815 4.04752825 -5.55301231 9.69434493 -1.34614132
hue_covariances = 0.38831633 0.43726528 0.33392143 0.32444862 1.07510566 0.19457601 0.35457794 0.151877

# Saturation Sensitivity GMM
sat_n_components = 8
sat_weights = 0.09713084 0.13469279 0.11840812 0.15963278 0.10077283 0.11777569 0.13832214 0.13326481
sat_means_rad = -5.2850193 4.792507 9.46615962 -0.2703355 2.54706985 6.65366799 -2.55780595 11.54815262
sat_covariances = 0.51787753 0.71454204 0.81614231 0.80506982 0.91408268 0.72683746 0.93444933 0.41576665

# Saturation Modulation Factor
sat_power = 0.6
