# Saturation Sensitivity GMM Parameters
# Format: n_components, weights, means_rad, covariances
n_components=6
weights=0.16066799265783457 0.1582960130534854 0.1346877602792244 0.13684697961207554 0.21122873298352648 0.19827252141385368
means_rad=-4.303325114221468 11.37027342369768 2.510742613864549 8.77936079043646 -0.9690964000637685 5.405979315738975
covariances=1.503692823391579 0.6714896770977048 1.29634930761216 1.192375759204909 1.3770416057364279 1.225196034025595
